2019-05-14 济南长清区崮云湖街道 [24.0, 15.0, 13.75, 95.0, 27.0, 40.25, 0.0, '3-4级转<3级']
2019-05-14 济南长清区归德镇 [23.0, 14.0, 13.25, 86.0, 29.0, 39.25, 0.0, '<3级']
2019-05-14 济南长清区马山镇 [24.0, 15.0, 14.5, 88.0, 29.0, 38.25, 0.0, '3-4级转<3级']
2019-05-14 济南长清区平安街道 [24.0, 14.0, 13.5, 89.0, 28.0, 39.5, 0.0, '<3级']
2019-05-14 济南长清区双泉镇 [23.0, 15.0, 13.75, 88.0, 29.0, 38.25, 0.0, '<3级']
2019-05-14 济南长清区万德镇 [24.0, 14.0, 13.75, 96.0, 27.0, 35.5, 0.0, '<3级']
2019-05-14 济南长清区文昌街道 [25.0, 12.0, 13.0, 86.0, 29.0, 39.25, 0.0, '<3级']
2019-05-14 济南长清区五峰山街道 [24.0, 16.0, 14.25, 88.0, 26.0, 38.0, 0.0, '<3级']
2019-05-14 济南长清区孝里镇 [22.0, 14.0, 13.25, 86.0, 30.0, 39.25, 0.0, '<3级']
2019-05-14 济南长清区张夏镇 [25.0, 16.0, 14.5, 88.0, 28.0, 35.5, 0.0, '3-4级转<3级']
2019-05-14 烟台栖霞市翠屏街道 [20.0, 10.0, 12.25, 93.0, 13.0, 40.25, 2.0, '3-4级转<3级']
2019-05-14 烟台栖霞市观里镇 [20.0, 8.0, 12.75, 91.0, 16.0, 40.0, 0.6000000000000001, '3-4级转<3级']
2019-05-14 烟台栖霞市管道镇 [20.0, 8.0, 12.5, 93.0, 17.0, 40.0, 0.30000000000000004, '3-4级转<3级']
2019-05-14 烟台栖霞市庙后镇 [21.0, 9.0, 12.75, 97.0, 14.0, 44.5, 2.7, '3-4级转<3级']
2019-05-14 烟台栖霞市山东栖霞经济开发区 [21.0, 8.0, 12.75, 98.0, 15.0, 43.25, 3.4, '3-4级转<3级']
2019-05-14 烟台栖霞市蛇窝泊镇 [21.0, 9.0, 13.0, 94.0, 13.0, 43.0, 1.5, '3-4级转<3级']
2019-05-14 烟台栖霞市寺口镇 [20.0, 6.0, 12.5, 92.0, 16.0, 39.25, 0.30000000000000004, '3-4级转<3级']
2019-05-14 烟台栖霞市松山街道 [22.0, 7.0, 13.25, 93.0, 15.0, 40.25, 4.3, '<3级']
2019-05-14 烟台栖霞市苏家店镇 [21.0, 6.0, 12.75, 91.0, 16.0, 39.5, 0.4, '3-4级转<3级']
2019-05-14 烟台栖霞市唐家泊镇 [21.0, 9.0, 12.75, 92.0, 18.0, 42.0, 3.2, '3-4级转<3级']
2019-05-14 烟台栖霞市桃村镇 [22.0, 10.0, 13.0, 93.0, 19.0, 44.25, 3.0, '3-4级转<3级']
2019-05-14 烟台栖霞市亭口镇 [20.0, 9.0, 12.5, 96.0, 15.0, 42.0, 4.2, '3-4级转<3级']
2019-05-14 烟台栖霞市西城镇 [20.0, 8.0, 12.75, 91.0, 16.0, 40.25, 0.7000000000000001, '3-4级转<3级']
2019-05-14 烟台栖霞市杨础镇 [20.0, 9.0, 12.5, 93.0, 14.0, 42.75, 1.0, '3-4级转<3级']
2019-05-14 烟台栖霞市臧家庄镇 [21.0, 8.0, 12.75, 99.0, 15.0, 43.5, 3.6, '3-4级转<3级']
2019-05-14 烟台栖霞市庄园街道 [20.0, 9.0, 12.5, 93.0, 13.0, 40.25, 2.1, '3-4级转<3级']


2019-05-16 济南长清区崮云湖街道 [31.0, 0.0, 25.25, 82.0, 0.0, 64.5, 0.0, '4-5级转<3级']
2019-05-16 济南长清区归德镇 [30.0, 0.0, 24.5, 87.0, 0.0, 68.25, 0.0, '<3级']
2019-05-16 济南长清区马山镇 [31.0, 0.0, 24.75, 89.0, 0.0, 67.5, 0.0, '3-4级转<3级']
2019-05-16 济南长清区平安街道 [31.0, 0.0, 25.25, 81.0, 0.0, 63.75, 0.0, '3-4级转<3级']
2019-05-16 济南长清区双泉镇 [29.0, 0.0, 24.0, 89.0, 0.0, 67.5, 0.0, '3-4级转<3级']
2019-05-16 济南长清区万德镇 [31.0, 0.0, 25.0, 82.0, 0.0, 64.0, 0.0, '<3级']
2019-05-16 济南长清区文昌街道 [30.0, 0.0, 23.75, 88.0, 0.0, 70.0, 0.0, '<3级']
2019-05-16 济南长清区五峰山街道 [30.0, 0.0, 24.75, 86.0, 0.0, 65.0, 0.0, '3-4级转<3级']
2019-05-16 济南长清区孝里镇 [30.0, 0.0, 25.0, 88.0, 0.0, 67.5, 0.0, '3-4级转<3级']
2019-05-16 济南长清区张夏镇 [30.0, 0.0, 25.25, 83.0, 0.0, 63.5, 0.0, '3-4级转<3级']
2019-05-16 烟台栖霞市翠屏街道 [26.0, 0.0, 20.5, 87.0, 0.0, 69.0, 0.0, '4-5级转<3级']
2019-05-16 烟台栖霞市观里镇 [27.0, 0.0, 21.0, 90.0, 0.0, 68.5, 0.0, '3-4级转<3级']
2019-05-16 烟台栖霞市管道镇 [27.0, 0.0, 20.5, 91.0, 0.0, 70.75, 0.0, '3-4级转<3级']
2019-05-16 烟台栖霞市庙后镇 [28.0, 0.0, 22.0, 84.0, 0.0, 63.5, 0.0, '3-4级转<3级']
2019-05-16 烟台栖霞市山东栖霞经济开发区 [29.0, 0.0, 22.25, 91.0, 0.0, 63.75, 0.0, '3-4级转<3级']
2019-05-16 烟台栖霞市蛇窝泊镇 [27.0, 0.0, 20.75, 92.0, 0.0, 68.75, 0.0, '3-4级转<3级']
2019-05-16 烟台栖霞市寺口镇 [27.0, 0.0, 20.5, 90.0, 0.0, 68.75, 0.0, '3-4级转<3级']
2019-05-16 烟台栖霞市松山街道 [30.0, 0.0, 22.5, 90.0, 0.0, 65.25, 0.0, '3-4级转<3级']
2019-05-16 烟台栖霞市苏家店镇 [27.0, 0.0, 21.0, 90.0, 0.0, 67.25, 0.0, '3-4级转<3级']
2019-05-16 烟台栖霞市唐家泊镇 [27.0, 0.0, 21.0, 88.0, 0.0, 66.5, 0.0, '3-4级转<3级']
2019-05-16 烟台栖霞市桃村镇 [28.0, 0.0, 21.25, 88.0, 0.0, 67.5, 0.0, '3-4级转<3级']
2019-05-16 烟台栖霞市亭口镇 [28.0, 0.0, 22.0, 90.0, 0.0, 64.5, 0.0, '3-4级转<3级']
2019-05-16 烟台栖霞市西城镇 [27.0, 0.0, 21.0, 90.0, 0.0, 68.25, 0.0, '3-4级转<3级']
2019-05-16 烟台栖霞市杨础镇 [26.0, 0.0, 20.75, 91.0, 0.0, 68.5, 0.0, '3-4级转<3级']
2019-05-16 烟台栖霞市臧家庄镇 [29.0, 0.0, 22.5, 92.0, 0.0, 64.0, 0.0, '3-4级转<3级']
2019-05-16 烟台栖霞市庄园街道 [27.0, 0.0, 21.25, 87.0, 0.0, 69.0, 0.0, '4-5级转<3级']

2019-08-11 济南长清区崮云湖街道 [23.0, 22.0, 22.25, 99.0, 96.0, 97.5, 75.1]
2019-08-11 济南长清区归德镇 [23.0, 22.0, 22.25, 98.0, 94.0, 95.5, 72.9]
2019-08-11 济南长清区马山镇 [23.0, 22.0, 22.25, 98.0, 94.0, 95.75, 66.9]
2019-08-11 济南长清区平安街道 [23.0, 22.0, 22.5, 97.0, 95.0, 96.25, 78.4]
2019-08-11 济南长清区双泉镇 [23.0, 22.0, 22.25, 98.0, 94.0, 95.75, 70.5]
2019-08-11 济南长清区万德镇 [23.0, 22.0, 22.25, 97.0, 89.0, 93.0, 91.4]
2019-08-11 济南长清区文昌街道 [23.0, 22.0, 22.75, 98.0, 93.0, 95.75, 59.9]
2019-08-11 济南长清区五峰山街道 [24.0, 21.0, 22.0, 98.0, 94.0, 96.0, 97.0]
2019-08-11 济南长清区孝里镇 [23.0, 22.0, 22.25, 98.0, 92.0, 95.5, 75.2]
2019-08-11 济南长清区张夏镇 [24.0, 22.0, 22.5, 98.0, 94.0, 95.5, 108.6]
2019-08-11 烟台栖霞市翠屏街道 [26.0, 23.0, 24.5, 97.0, 81.0, 93.0, 81.1]
2019-08-11 烟台栖霞市观里镇 [27.0, 23.0, 25.0, 98.0, 89.0, 96.0, 76.3]
2019-08-11 烟台栖霞市管道镇 [26.0, 23.0, 24.5, 98.0, 91.0, 96.0, 64.2]
2019-08-11 烟台栖霞市庙后镇 [27.0, 24.0, 25.0, 99.0, 86.0, 98.5, 116.6]
2019-08-11 烟台栖霞市山东栖霞经济开发区 [27.0, 24.0, 24.75, 98.0, 85.0, 94.5, 79.8]
2019-08-11 烟台栖霞市蛇窝泊镇 [27.0, 24.0, 25.25, 97.0, 80.0, 92.25, 86.2]
2019-08-11 烟台栖霞市寺口镇 [26.0, 23.0, 24.75, 98.0, 88.0, 95.75, 80.0]
2019-08-11 烟台栖霞市松山街道 [26.0, 23.0, 25.0, 98.0, 90.0, 95.0, 79.8]
2019-08-11 烟台栖霞市苏家店镇 [27.0, 23.0, 25.75, 98.0, 86.0, 94.25, 60.9]
2019-08-11 烟台栖霞市唐家泊镇 [27.0, 23.0, 24.75, 98.0, 87.0, 95.75, 97.3]
2019-08-11 烟台栖霞市桃村镇 [27.0, 24.0, 25.5, 98.0, 87.0, 95.25, 98.8]
2019-08-11 烟台栖霞市亭口镇 [27.0, 23.0, 25.0, 98.0, 88.0, 95.0, 82.5]
2019-08-11 烟台栖霞市西城镇 [26.0, 23.0, 25.0, 98.0, 90.0, 96.0, 75.0]
2019-08-11 烟台栖霞市杨础镇 [27.0, 23.0, 25.25, 97.0, 81.0, 92.5, 80.0]
2019-08-11 烟台栖霞市臧家庄镇 [27.0, 24.0, 25.0, 98.0, 84.0, 94.5, 79.1]
2019-08-11 烟台栖霞市庄园街道 [26.0, 23.0, 25.0, 97.0, 80.0, 93.0, 82.1]


2019-08-11 济南长清区崮云湖街道 [23.0, 22.0, 22.25, 99.0, 96.0, 97.5, 75.1]
2019-08-11 济南长清区归德镇 [23.0, 22.0, 22.25, 98.0, 94.0, 95.5, 72.9]
2019-08-11 济南长清区马山镇 [23.0, 22.0, 22.25, 98.0, 94.0, 95.75, 66.9]
2019-08-11 济南长清区平安街道 [23.0, 22.0, 22.5, 97.0, 95.0, 96.25, 78.4]
2019-08-11 济南长清区双泉镇 [23.0, 22.0, 22.25, 98.0, 94.0, 95.75, 70.5]
2019-08-11 济南长清区万德镇 [23.0, 22.0, 22.25, 97.0, 89.0, 93.0, 91.4]
2019-08-11 济南长清区文昌街道 [23.0, 22.0, 22.75, 98.0, 93.0, 95.75, 59.9]
2019-08-11 济南长清区五峰山街道 [24.0, 21.0, 22.0, 98.0, 94.0, 96.0, 97.0]
2019-08-11 济南长清区孝里镇 [23.0, 22.0, 22.25, 98.0, 92.0, 95.5, 75.2]
2019-08-11 济南长清区张夏镇 [24.0, 22.0, 22.5, 98.0, 94.0, 95.5, 108.6]
2019-08-11 烟台栖霞市翠屏街道 [26.0, 23.0, 24.5, 97.0, 81.0, 93.0, 81.1]
2019-08-11 烟台栖霞市观里镇 [27.0, 23.0, 25.0, 98.0, 89.0, 96.0, 76.3]
2019-08-11 烟台栖霞市管道镇 [26.0, 23.0, 24.5, 98.0, 91.0, 96.0, 64.2]
2019-08-11 烟台栖霞市庙后镇 [27.0, 24.0, 25.0, 99.0, 86.0, 98.5, 116.6]
2019-08-11 烟台栖霞市山东栖霞经济开发区 [27.0, 24.0, 24.75, 98.0, 85.0, 94.5, 79.8]
2019-08-11 烟台栖霞市蛇窝泊镇 [27.0, 24.0, 25.25, 97.0, 80.0, 92.25, 86.2]
2019-08-11 烟台栖霞市寺口镇 [26.0, 23.0, 24.75, 98.0, 88.0, 95.75, 80.0]
2019-08-11 烟台栖霞市松山街道 [26.0, 23.0, 25.0, 98.0, 90.0, 95.0, 79.8]
2019-08-11 烟台栖霞市苏家店镇 [27.0, 23.0, 25.75, 98.0, 86.0, 94.25, 60.9]
2019-08-11 烟台栖霞市唐家泊镇 [27.0, 23.0, 24.75, 98.0, 87.0, 95.75, 97.3]
2019-08-11 烟台栖霞市桃村镇 [27.0, 24.0, 25.5, 98.0, 87.0, 95.25, 98.8]
2019-08-11 烟台栖霞市亭口镇 [27.0, 23.0, 25.0, 98.0, 88.0, 95.0, 82.5]
2019-08-11 烟台栖霞市西城镇 [26.0, 23.0, 25.0, 98.0, 90.0, 96.0, 75.0]
2019-08-11 烟台栖霞市杨础镇 [27.0, 23.0, 25.25, 97.0, 81.0, 92.5, 80.0]
2019-08-11 烟台栖霞市臧家庄镇 [27.0, 24.0, 25.0, 98.0, 84.0, 94.5, 79.1]
2019-08-11 烟台栖霞市庄园街道 [26.0, 23.0, 25.0, 97.0, 80.0, 93.0, 82.1]


2019-08-11 济南长清区崮云湖街道 [23.0, 22.0, 22.25, 99.0, 96.0, 97.5, 75.1]
2019-08-11 济南长清区归德镇 [23.0, 22.0, 22.25, 98.0, 94.0, 95.5, 72.9]
2019-08-11 济南长清区马山镇 [23.0, 22.0, 22.25, 98.0, 94.0, 95.75, 66.9]
2019-08-11 济南长清区平安街道 [23.0, 22.0, 22.5, 97.0, 95.0, 96.25, 78.4]
2019-08-11 济南长清区双泉镇 [23.0, 22.0, 22.25, 98.0, 94.0, 95.75, 70.5]
2019-08-11 济南长清区万德镇 [23.0, 22.0, 22.25, 97.0, 89.0, 93.0, 91.4]
2019-08-11 济南长清区文昌街道 [23.0, 22.0, 22.75, 98.0, 93.0, 95.75, 59.9]
2019-08-11 济南长清区五峰山街道 [24.0, 21.0, 22.0, 98.0, 94.0, 96.0, 97.0]
2019-08-11 济南长清区孝里镇 [23.0, 22.0, 22.25, 98.0, 92.0, 95.5, 75.2]
2019-08-11 济南长清区张夏镇 [24.0, 22.0, 22.5, 98.0, 94.0, 95.5, 108.6]
2019-08-11 烟台栖霞市翠屏街道 [26.0, 23.0, 24.5, 97.0, 81.0, 93.0, 81.1]
2019-08-11 烟台栖霞市观里镇 [27.0, 23.0, 25.0, 98.0, 89.0, 96.0, 76.3]
2019-08-11 烟台栖霞市管道镇 [26.0, 23.0, 24.5, 98.0, 91.0, 96.0, 64.2]
2019-08-11 烟台栖霞市庙后镇 [27.0, 24.0, 25.0, 99.0, 86.0, 98.5, 116.6]
2019-08-11 烟台栖霞市山东栖霞经济开发区 [27.0, 24.0, 24.75, 98.0, 85.0, 94.5, 79.8]
2019-08-11 烟台栖霞市蛇窝泊镇 [27.0, 24.0, 25.25, 97.0, 80.0, 92.25, 86.2]
2019-08-11 烟台栖霞市寺口镇 [26.0, 23.0, 24.75, 98.0, 88.0, 95.75, 80.0]
2019-08-11 烟台栖霞市松山街道 [26.0, 23.0, 25.0, 98.0, 90.0, 95.0, 79.8]
2019-08-11 烟台栖霞市苏家店镇 [27.0, 23.0, 25.75, 98.0, 86.0, 94.25, 60.9]
2019-08-11 烟台栖霞市唐家泊镇 [27.0, 23.0, 24.75, 98.0, 87.0, 95.75, 97.3]
2019-08-11 烟台栖霞市桃村镇 [27.0, 24.0, 25.5, 98.0, 87.0, 95.25, 98.8]
2019-08-11 烟台栖霞市亭口镇 [27.0, 23.0, 25.0, 98.0, 88.0, 95.0, 82.5]
2019-08-11 烟台栖霞市西城镇 [26.0, 23.0, 25.0, 98.0, 90.0, 96.0, 75.0]
2019-08-11 烟台栖霞市杨础镇 [27.0, 23.0, 25.25, 97.0, 81.0, 92.5, 80.0]
2019-08-11 烟台栖霞市臧家庄镇 [27.0, 24.0, 25.0, 98.0, 84.0, 94.5, 79.1]
2019-08-11 烟台栖霞市庄园街道 [26.0, 23.0, 25.0, 97.0, 80.0, 93.0, 82.1]


2019-08-11 济南长清区崮云湖街道 [23.0, 22.0, 22.25, 99.0, 96.0, 97.5, 75.09999999999998]
2019-08-11 济南长清区归德镇 [23.0, 22.0, 22.25, 98.0, 94.0, 95.5, 72.90000000000002]
2019-08-11 济南长清区马山镇 [23.0, 22.0, 22.25, 98.0, 94.0, 95.75, 66.89999999999999]
2019-08-11 济南长清区平安街道 [23.0, 22.0, 22.5, 97.0, 95.0, 96.25, 78.39999999999999]
2019-08-11 济南长清区双泉镇 [23.0, 22.0, 22.25, 98.0, 94.0, 95.75, 70.49999999999999]
2019-08-11 济南长清区万德镇 [23.0, 22.0, 22.25, 97.0, 89.0, 93.0, 91.39999999999999]
2019-08-11 济南长清区文昌街道 [23.0, 22.0, 22.75, 98.0, 93.0, 95.75, 59.89999999999999]
2019-08-11 济南长清区五峰山街道 [24.0, 21.0, 22.0, 98.0, 94.0, 96.0, 96.99999999999997]
2019-08-11 济南长清区孝里镇 [23.0, 22.0, 22.25, 98.0, 92.0, 95.5, 75.19999999999999]
2019-08-11 济南长清区张夏镇 [24.0, 22.0, 22.5, 98.0, 94.0, 95.5, 108.60000000000001]
2019-08-11 烟台栖霞市翠屏街道 [26.0, 23.0, 24.5, 97.0, 81.0, 93.0, 81.10000000000001]
2019-08-11 烟台栖霞市观里镇 [27.0, 23.0, 25.0, 98.0, 89.0, 96.0, 76.30000000000001]
2019-08-11 烟台栖霞市管道镇 [26.0, 23.0, 24.5, 98.0, 91.0, 96.0, 64.2]
2019-08-11 烟台栖霞市庙后镇 [27.0, 24.0, 25.0, 99.0, 86.0, 98.5, 116.6]
2019-08-11 烟台栖霞市山东栖霞经济开发区 [27.0, 24.0, 24.75, 98.0, 85.0, 94.5, 79.80000000000001]
2019-08-11 烟台栖霞市蛇窝泊镇 [27.0, 24.0, 25.25, 97.0, 80.0, 92.25, 86.2]
2019-08-11 烟台栖霞市寺口镇 [26.0, 23.0, 24.75, 98.0, 88.0, 95.75, 80.0]
2019-08-11 烟台栖霞市松山街道 [26.0, 23.0, 25.0, 98.0, 90.0, 95.0, 79.8]
2019-08-11 烟台栖霞市苏家店镇 [27.0, 23.0, 25.75, 98.0, 86.0, 94.25, 60.89999999999999]
2019-08-11 烟台栖霞市唐家泊镇 [27.0, 23.0, 24.75, 98.0, 87.0, 95.75, 97.3]
2019-08-11 烟台栖霞市桃村镇 [27.0, 24.0, 25.5, 98.0, 87.0, 95.25, 98.79999999999998]
2019-08-11 烟台栖霞市亭口镇 [27.0, 23.0, 25.0, 98.0, 88.0, 95.0, 82.5]
2019-08-11 烟台栖霞市西城镇 [26.0, 23.0, 25.0, 98.0, 90.0, 96.0, 75.0]
2019-08-11 烟台栖霞市杨础镇 [27.0, 23.0, 25.25, 97.0, 81.0, 92.5, 80.0]
2019-08-11 烟台栖霞市臧家庄镇 [27.0, 24.0, 25.0, 98.0, 84.0, 94.5, 79.1]
2019-08-11 烟台栖霞市庄园街道 [26.0, 23.0, 25.0, 97.0, 80.0, 93.0, 82.10000000000001]


2019-08-11 济南长清区崮云湖街道 [23.0, 22.0, 22.25, 99.0, 96.0, 97.5, 75.09999999999998]
2019-08-11 济南长清区归德镇 [23.0, 22.0, 22.25, 98.0, 94.0, 95.5, 72.90000000000002]
2019-08-11 济南长清区马山镇 [23.0, 22.0, 22.25, 98.0, 94.0, 95.75, 66.89999999999999]
2019-08-11 济南长清区平安街道 [23.0, 22.0, 22.5, 97.0, 95.0, 96.25, 78.39999999999999]
2019-08-11 济南长清区双泉镇 [23.0, 22.0, 22.25, 98.0, 94.0, 95.75, 70.49999999999999]
2019-08-11 济南长清区万德镇 [23.0, 22.0, 22.25, 97.0, 89.0, 93.0, 91.39999999999999]
2019-08-11 济南长清区文昌街道 [23.0, 22.0, 22.75, 98.0, 93.0, 95.75, 59.89999999999999]
2019-08-11 济南长清区五峰山街道 [24.0, 21.0, 22.0, 98.0, 94.0, 96.0, 96.99999999999997]
2019-08-11 济南长清区孝里镇 [23.0, 22.0, 22.25, 98.0, 92.0, 95.5, 75.19999999999999]
2019-08-11 济南长清区张夏镇 [24.0, 22.0, 22.5, 98.0, 94.0, 95.5, 108.60000000000001]
2019-08-11 烟台栖霞市翠屏街道 [26.0, 23.0, 24.5, 97.0, 81.0, 93.0, 81.10000000000001]
2019-08-11 烟台栖霞市观里镇 [27.0, 23.0, 25.0, 98.0, 89.0, 96.0, 76.30000000000001]
2019-08-11 烟台栖霞市管道镇 [26.0, 23.0, 24.5, 98.0, 91.0, 96.0, 64.2]
2019-08-11 烟台栖霞市庙后镇 [27.0, 24.0, 25.0, 99.0, 86.0, 98.5, 116.6]
2019-08-11 烟台栖霞市山东栖霞经济开发区 [27.0, 24.0, 24.75, 98.0, 85.0, 94.5, 79.80000000000001]
2019-08-11 烟台栖霞市蛇窝泊镇 [27.0, 24.0, 25.25, 97.0, 80.0, 92.25, 86.2]
2019-08-11 烟台栖霞市寺口镇 [26.0, 23.0, 24.75, 98.0, 88.0, 95.75, 80.0]
2019-08-11 烟台栖霞市松山街道 [26.0, 23.0, 25.0, 98.0, 90.0, 95.0, 79.8]
2019-08-11 烟台栖霞市苏家店镇 [27.0, 23.0, 25.75, 98.0, 86.0, 94.25, 60.89999999999999]
2019-08-11 烟台栖霞市唐家泊镇 [27.0, 23.0, 24.75, 98.0, 87.0, 95.75, 97.3]
2019-08-11 烟台栖霞市桃村镇 [27.0, 24.0, 25.5, 98.0, 87.0, 95.25, 98.79999999999998]
2019-08-11 烟台栖霞市亭口镇 [27.0, 23.0, 25.0, 98.0, 88.0, 95.0, 82.5]
2019-08-11 烟台栖霞市西城镇 [26.0, 23.0, 25.0, 98.0, 90.0, 96.0, 75.0]
2019-08-11 烟台栖霞市杨础镇 [27.0, 23.0, 25.25, 97.0, 81.0, 92.5, 80.0]
2019-08-11 烟台栖霞市臧家庄镇 [27.0, 24.0, 25.0, 98.0, 84.0, 94.5, 79.1]
2019-08-11 烟台栖霞市庄园街道 [26.0, 23.0, 25.0, 97.0, 80.0, 93.0, 82.10000000000001]


2019-08-11 济南长清区崮云湖街道 [23.0, 22.0, 22.25, 99.0, 96.0, 97.5, 75.1]
2019-08-11 济南长清区归德镇 [23.0, 22.0, 22.25, 98.0, 94.0, 95.5, 72.9]
2019-08-11 济南长清区马山镇 [23.0, 22.0, 22.25, 98.0, 94.0, 95.75, 66.9]
2019-08-11 济南长清区平安街道 [23.0, 22.0, 22.5, 97.0, 95.0, 96.25, 78.4]
2019-08-11 济南长清区双泉镇 [23.0, 22.0, 22.25, 98.0, 94.0, 95.75, 70.5]
2019-08-11 济南长清区万德镇 [23.0, 22.0, 22.25, 97.0, 89.0, 93.0, 91.4]
2019-08-11 济南长清区文昌街道 [23.0, 22.0, 22.75, 98.0, 93.0, 95.75, 59.9]
2019-08-11 济南长清区五峰山街道 [24.0, 21.0, 22.0, 98.0, 94.0, 96.0, 97.0]
2019-08-11 济南长清区孝里镇 [23.0, 22.0, 22.25, 98.0, 92.0, 95.5, 75.2]
2019-08-11 济南长清区张夏镇 [24.0, 22.0, 22.5, 98.0, 94.0, 95.5, 108.6]
2019-08-11 烟台栖霞市翠屏街道 [26.0, 23.0, 24.5, 97.0, 81.0, 93.0, 81.1]
2019-08-11 烟台栖霞市观里镇 [27.0, 23.0, 25.0, 98.0, 89.0, 96.0, 76.3]
2019-08-11 烟台栖霞市管道镇 [26.0, 23.0, 24.5, 98.0, 91.0, 96.0, 64.2]
2019-08-11 烟台栖霞市庙后镇 [27.0, 24.0, 25.0, 99.0, 86.0, 98.5, 116.6]
2019-08-11 烟台栖霞市山东栖霞经济开发区 [27.0, 24.0, 24.75, 98.0, 85.0, 94.5, 79.8]
2019-08-11 烟台栖霞市蛇窝泊镇 [27.0, 24.0, 25.25, 97.0, 80.0, 92.25, 86.2]
2019-08-11 烟台栖霞市寺口镇 [26.0, 23.0, 24.75, 98.0, 88.0, 95.75, 80.0]
2019-08-11 烟台栖霞市松山街道 [26.0, 23.0, 25.0, 98.0, 90.0, 95.0, 79.8]
2019-08-11 烟台栖霞市苏家店镇 [27.0, 23.0, 25.75, 98.0, 86.0, 94.25, 60.9]
2019-08-11 烟台栖霞市唐家泊镇 [27.0, 23.0, 24.75, 98.0, 87.0, 95.75, 97.3]
2019-08-11 烟台栖霞市桃村镇 [27.0, 24.0, 25.5, 98.0, 87.0, 95.25, 98.8]
2019-08-11 烟台栖霞市亭口镇 [27.0, 23.0, 25.0, 98.0, 88.0, 95.0, 82.5]
2019-08-11 烟台栖霞市西城镇 [26.0, 23.0, 25.0, 98.0, 90.0, 96.0, 75.0]
2019-08-11 烟台栖霞市杨础镇 [27.0, 23.0, 25.25, 97.0, 81.0, 92.5, 80.0]
2019-08-11 烟台栖霞市臧家庄镇 [27.0, 24.0, 25.0, 98.0, 84.0, 94.5, 79.1]
2019-08-11 烟台栖霞市庄园街道 [26.0, 23.0, 25.0, 97.0, 80.0, 93.0, 82.1]


